Городов Миша 3 5 4 2
Танкфан Егор 4 3 4 3 2
Танкван Андрей 3 4 3 5 2 2
Горив Петр 4 2 4 5 3 4
Светван Андрей 3 5 3 5 3
Танкфан Костя 2 3 3 4 5 3 3
Городван Миша 4 2 3 3
Танкфан Иван 4 2 4 4 5
Горвин Алексей 5 5 2
Горвин Сергей 2 4 5 2 5 3 2 2 2
Светеев Вася 4 4 4 4 5 5 3 2 3
Танкван Вася 3 2 3 3 2 4 4 5 3
Танквин Андрей 5 5 5 4 4 4 4 3 3
Светив Федосей 4 5 3 4 3
Городив Сергей 2 5 4
Светов Костя 5 5 3
Чернрев Федосей 5 2 3 4
Светив Саня 5 2 2 3 2
Танкван Сергей 4 4 5
Городфан Вася 2 2 3 3 4
Светов Алексей 2 2 3
Светив Барин 2 3 5
Чернеев Миша 2 4 4 2 3 2 2 3
Троллейбусов Миша 4 3 2 4 4 2 5 4 4
Городфан Вася 4 3 5 5 3 3 5 5
Троллейбусвин Егор 4 3 2
Танков Костя 4 2 5 3 2 2 3 2 3
Танкив Сергей 2 5 5 3 4 2 5 5 2
Городвин Вася 4 2 2 4 2 3 4 5
Горрев Егор 3 2 2 4 4 5 2 2 5
